 -200.0   18.520
 -199.0   18.952
 -198.0   19.384
 -197.0   19.815
 -196.0   20.247
 -195.0   20.677
 -194.0   21.108
 -193.0   21.538
 -192.0   21.967
 -191.0   22.397
 -190.0   22.825
 -189.0   23.254
 -188.0   23.682
 -187.0   24.110
 -186.0   24.538
 -185.0   24.965
 -184.0   25.392
 -183.0   25.819
 -182.0   26.245
 -181.0   26.671
 -180.0   27.096
 -179.0   27.522
 -178.0   27.947
 -177.0   28.371
 -176.0   28.796
 -175.0   29.220
 -174.0   29.643
 -173.0   30.067
 -172.0   30.490
 -171.0   30.913
 -170.0   31.335
 -169.0   31.757
 -168.0   32.179
 -167.0   32.601
 -166.0   33.022
 -165.0   33.443
 -164.0   33.864
 -163.0   34.284
 -162.0   34.704
 -161.0   35.124
 -160.0   35.543
 -159.0   35.963
 -158.0   36.382
 -157.0   36.800
 -156.0   37.219
 -155.0   37.637
 -154.0   38.055
 -153.0   38.472
 -152.0   38.889
 -151.0   39.306
 -150.0   39.723
 -149.0   40.140
 -148.0   40.556
 -147.0   40.972
 -146.0   41.388
 -145.0   41.803
 -144.0   42.218
 -143.0   42.633
 -142.0   43.048
 -141.0   43.462
 -140.0   43.876
 -139.0   44.290
 -138.0   44.704
 -137.0   45.117
 -136.0   45.531
 -135.0   45.944
 -134.0   46.356
 -133.0   46.769
 -132.0   47.181
 -131.0   47.593
 -130.0   48.005
 -129.0   48.416
 -128.0   48.828
 -127.0   49.239
 -126.0   49.649
 -125.0   50.060
 -124.0   50.470
 -123.0   50.881
 -122.0   51.291
 -121.0   51.700
 -120.0   52.110
 -119.0   52.519
 -118.0   52.928
 -117.0   53.337
 -116.0   53.746
 -115.0   54.154
 -114.0   54.562
 -113.0   54.970
 -112.0   55.378
 -111.0   55.786
 -110.0   56.193
 -109.0   56.600
 -108.0   57.007
 -107.0   57.414
 -106.0   57.821
 -105.0   58.227
 -104.0   58.633
 -103.0   59.039
 -102.0   59.445
 -101.0   59.850
 -100.0   60.256
  -99.0   60.661
  -98.0   61.066
  -97.0   61.471
  -96.0   61.876
  -95.0   62.280
  -94.0   62.684
  -93.0   63.088
  -92.0   63.492
  -91.0   63.896
  -90.0   64.300
  -89.0   64.703
  -88.0   65.106
  -87.0   65.509
  -86.0   65.912
  -85.0   66.315
  -84.0   66.717
  -83.0   67.120
  -82.0   67.522
  -81.0   67.924
  -80.0   68.325
  -79.0   68.727
  -78.0   69.129
  -77.0   69.530
  -76.0   69.931
  -75.0   70.332
  -74.0   70.733
  -73.0   71.134
  -72.0   71.534
  -71.0   71.934
  -70.0   72.335
  -69.0   72.735
  -68.0   73.134
  -67.0   73.534
  -66.0   73.934
  -65.0   74.333
  -64.0   74.732
  -63.0   75.131
  -62.0   75.530
  -61.0   75.929
  -60.0   76.328
  -59.0   76.726
  -58.0   77.125
  -57.0   77.523
  -56.0   77.921
  -55.0   78.319
  -54.0   78.717
  -53.0   79.114
  -52.0   79.512
  -51.0   79.909
  -50.0   80.306
  -49.0   80.703
  -48.0   81.100
  -47.0   81.497
  -46.0   81.894
  -45.0   82.290
  -44.0   82.687
  -43.0   83.083
  -42.0   83.479
  -41.0   83.875
  -40.0   84.271
  -39.0   84.666
  -38.0   85.062
  -37.0   85.457
  -36.0   85.853
  -35.0   86.248
  -34.0   86.643
  -33.0   87.038
  -32.0   87.432
  -31.0   87.827
  -30.0   88.222
  -29.0   88.616
  -28.0   89.010
  -27.0   89.404
  -26.0   89.798
  -25.0   90.192
  -24.0   90.586
  -23.0   90.980
  -22.0   91.373
  -21.0   91.767
  -20.0   92.160
  -19.0   92.553
  -18.0   92.946
  -17.0   93.339
  -16.0   93.732
  -15.0   94.124
  -14.0   94.517
  -13.0   94.909
  -12.0   95.302
  -11.0   95.694
  -10.0   96.086
   -9.0   96.478
   -8.0   96.870
   -7.0   97.261
   -6.0   97.653
   -5.0   98.044
   -4.0   98.436
   -3.0   98.827
   -2.0   99.218
   -1.0   99.609
    0.0  100.000
    1.0  100.391
    2.0  100.781
    3.0  101.172
    4.0  101.562
    5.0  101.953
    6.0  102.343
    7.0  102.733
    8.0  103.123
    9.0  103.513
   10.0  103.903
   11.0  104.292
   12.0  104.682
   13.0  105.071
   14.0  105.460
   15.0  105.849
   16.0  106.238
   17.0  106.627
   18.0  107.016
   19.0  107.405
   20.0  107.793
   21.0  108.182
   22.0  108.570
   23.0  108.959
   24.0  109.347
   25.0  109.735
   26.0  110.123
   27.0  110.510
   28.0  110.898
   29.0  111.286
   30.0  111.673
   31.0  112.060
   32.0  112.447
   33.0  112.835
   34.0  113.221
   35.0  113.608
   36.0  113.995
   37.0  114.382
   38.0  114.768
   39.0  115.155
   40.0  115.541
   41.0  115.927
   42.0  116.313
   43.0  116.699
   44.0  117.085
   45.0  117.470
   46.0  117.856
   47.0  118.241
   48.0  118.627
   49.0  119.012
   50.0  119.397
   51.0  119.782
   52.0  120.167
   53.0  120.552
   54.0  120.936
   55.0  121.321
   56.0  121.705
   57.0  122.090
   58.0  122.474
   59.0  122.858
   60.0  123.242
   61.0  123.626
   62.0  124.009
   63.0  124.393
   64.0  124.777
   65.0  125.160
   66.0  125.543
   67.0  125.926
   68.0  126.309
   69.0  126.692
   70.0  127.075
   71.0  127.458
   72.0  127.840
   73.0  128.223
   74.0  128.605
   75.0  128.987
   76.0  129.370
   77.0  129.752
   78.0  130.133
   79.0  130.515
   80.0  130.897
   81.0  131.278
   82.0  131.660
   83.0  132.041
   84.0  132.422
   85.0  132.803
   86.0  133.184
   87.0  133.565
   88.0  133.946
   89.0  134.326
   90.0  134.707
   91.0  135.087
   92.0  135.468
   93.0  135.848
   94.0  136.228
   95.0  136.608
   96.0  136.987
   97.0  137.367
   98.0  137.747
   99.0  138.126
  100.0  138.506
  101.0  138.885
  102.0  139.264
  103.0  139.643
  104.0  140.022
  105.0  140.400
  106.0  140.779
  107.0  141.158
  108.0  141.536
  109.0  141.914
  110.0  142.293
  111.0  142.671
  112.0  143.049
  113.0  143.426
  114.0  143.804
  115.0  144.182
  116.0  144.559
  117.0  144.937
  118.0  145.314
  119.0  145.691
  120.0  146.068
  121.0  146.445
  122.0  146.822
  123.0  147.198
  124.0  147.575
  125.0  147.951
  126.0  148.328
  127.0  148.704
  128.0  149.080
  129.0  149.456
  130.0  149.832
  131.0  150.208
  132.0  150.583
  133.0  150.959
  134.0  151.334
  135.0  151.710
  136.0  152.085
  137.0  152.460
  138.0  152.835
  139.0  153.210
  140.0  153.584
  141.0  153.959
  142.0  154.333
  143.0  154.708
  144.0  155.082
  145.0  155.456
  146.0  155.830
  147.0  156.204
  148.0  156.578
  149.0  156.952
  150.0  157.325
  151.0  157.699
  152.0  158.072
  153.0  158.445
  154.0  158.818
  155.0  159.191
  156.0  159.564
  157.0  159.937
  158.0  160.309
  159.0  160.682
  160.0  161.054
  161.0  161.427
  162.0  161.799
  163.0  162.171
  164.0  162.543
  165.0  162.915
  166.0  163.286
  167.0  163.658
  168.0  164.030
  169.0  164.401
  170.0  164.772
  171.0  165.143
  172.0  165.514
  173.0  165.885
  174.0  166.256
  175.0  166.627
  176.0  166.997
  177.0  167.368
  178.0  167.738
  179.0  168.108
  180.0  168.478
  181.0  168.848
  182.0  169.218
  183.0  169.588
  184.0  169.958
  185.0  170.327
  186.0  170.696
  187.0  171.066
  188.0  171.435
  189.0  171.804
  190.0  172.173
  191.0  172.542
  192.0  172.910
  193.0  173.279
  194.0  173.648
  195.0  174.016
  196.0  174.384
  197.0  174.752
  198.0  175.120
  199.0  175.488
  200.0  175.856
  201.0  176.224
  202.0  176.591
  203.0  176.959
  204.0  177.326
  205.0  177.693
  206.0  178.060
  207.0  178.427
  208.0  178.794
  209.0  179.161
  210.0  179.528
  211.0  179.894
  212.0  180.260
  213.0  180.627
  214.0  180.993
  215.0  181.359
  216.0  181.725
  217.0  182.091
  218.0  182.456
  219.0  182.822
  220.0  183.188
  221.0  183.553
  222.0  183.918
  223.0  184.283
  224.0  184.648
  225.0  185.013
  226.0  185.378
  227.0  185.743
  228.0  186.107
  229.0  186.472
  230.0  186.836
  231.0  187.200
  232.0  187.564
  233.0  187.928
  234.0  188.292
  235.0  188.656
  236.0  189.019
  237.0  189.383
  238.0  189.746
  239.0  190.110
  240.0  190.473
  241.0  190.836
  242.0  191.199
  243.0  191.562
  244.0  191.924
  245.0  192.287
  246.0  192.649
  247.0  193.012
  248.0  193.374
  249.0  193.736
  250.0  194.098
  251.0  194.460
  252.0  194.822
  253.0  195.183
  254.0  195.545
  255.0  195.906
  256.0  196.268
  257.0  196.629
  258.0  196.990
  259.0  197.351
  260.0  197.712
  261.0  198.073
  262.0  198.433
  263.0  198.794
  264.0  199.154
  265.0  199.514
  266.0  199.875
  267.0  200.235
  268.0  200.595
  269.0  200.954
  270.0  201.314
  271.0  201.674
  272.0  202.033
  273.0  202.393
  274.0  202.752
  275.0  203.111
  276.0  203.470
  277.0  203.829
  278.0  204.188
  279.0  204.546
  280.0  204.905
  281.0  205.263
  282.0  205.622
  283.0  205.980
  284.0  206.338
  285.0  206.696
  286.0  207.054
  287.0  207.411
  288.0  207.769
  289.0  208.127
  290.0  208.484
  291.0  208.841
  292.0  209.198
  293.0  209.555
  294.0  209.912
  295.0  210.269
  296.0  210.626
  297.0  210.982
  298.0  211.339
  299.0  211.695
  300.0  212.052
  301.0  212.408
  302.0  212.764
  303.0  213.120
  304.0  213.475
  305.0  213.831
  306.0  214.187
  307.0  214.542
  308.0  214.897
  309.0  215.252
  310.0  215.608
  311.0  215.962
  312.0  216.317
  313.0  216.672
  314.0  217.027
  315.0  217.381
  316.0  217.736
  317.0  218.090
  318.0  218.444
  319.0  218.798
  320.0  219.152
  321.0  219.506
  322.0  219.860
  323.0  220.213
  324.0  220.567
  325.0  220.920
  326.0  221.273
  327.0  221.626
  328.0  221.979
  329.0  222.332
  330.0  222.685
  331.0  223.038
  332.0  223.390
  333.0  223.743
  334.0  224.095
  335.0  224.447
  336.0  224.799
  337.0  225.151
  338.0  225.503
  339.0  225.855
  340.0  226.206
  341.0  226.558
  342.0  226.909
  343.0  227.260
  344.0  227.612
  345.0  227.963
  346.0  228.314
  347.0  228.664
  348.0  229.015
  349.0  229.366
  350.0  229.716
  351.0  230.066
  352.0  230.417
  353.0  230.767
  354.0  231.117
  355.0  231.467
  356.0  231.816
  357.0  232.166
  358.0  232.516
  359.0  232.865
  360.0  233.214
  361.0  233.564
  362.0  233.913
  363.0  234.262
  364.0  234.610
  365.0  234.959
  366.0  235.308
  367.0  235.656
  368.0  236.005
  369.0  236.353
  370.0  236.701
  371.0  237.049
  372.0  237.397
  373.0  237.745
  374.0  238.093
  375.0  238.440
  376.0  238.788
  377.0  239.135
  378.0  239.482
  379.0  239.829
  380.0  240.176
  381.0  240.523
  382.0  240.870
  383.0  241.217
  384.0  241.563
  385.0  241.910
  386.0  242.256
  387.0  242.602
  388.0  242.948
  389.0  243.294
  390.0  243.640
  391.0  243.986
  392.0  244.331
  393.0  244.677
  394.0  245.022
  395.0  245.367
  396.0  245.713
  397.0  246.058
  398.0  246.403
  399.0  246.747
  400.0  247.092
  401.0  247.437
  402.0  247.781
  403.0  248.125
  404.0  248.470
  405.0  248.814
  406.0  249.158
  407.0  249.502
  408.0  249.845
  409.0  250.189
  410.0  250.533
  411.0  250.876
  412.0  251.219
  413.0  251.562
  414.0  251.906
  415.0  252.248
  416.0  252.591
  417.0  252.934
  418.0  253.277
  419.0  253.619
  420.0  253.962
  421.0  254.304
  422.0  254.646
  423.0  254.988
  424.0  255.330
  425.0  255.672
  426.0  256.013
  427.0  256.355
  428.0  256.696
  429.0  257.038
  430.0  257.379
  431.0  257.720
  432.0  258.061
  433.0  258.402
  434.0  258.743
  435.0  259.083
  436.0  259.424
  437.0  259.764
  438.0  260.105
  439.0  260.445
  440.0  260.785
  441.0  261.125
  442.0  261.465
  443.0  261.804
  444.0  262.144
  445.0  262.483
  446.0  262.823
  447.0  263.162
  448.0  263.501
  449.0  263.840
  450.0  264.179
  451.0  264.518
  452.0  264.857
  453.0  265.195
  454.0  265.534
  455.0  265.872
  456.0  266.210
  457.0  266.548
  458.0  266.886
  459.0  267.224
  460.0  267.562
  461.0  267.900
  462.0  268.237
  463.0  268.574
  464.0  268.912
  465.0  269.249
  466.0  269.586
  467.0  269.923
  468.0  270.260
  469.0  270.597
  470.0  270.933
  471.0  271.270
  472.0  271.606
  473.0  271.942
  474.0  272.278
  475.0  272.614
  476.0  272.950
  477.0  273.286
  478.0  273.622
  479.0  273.957
  480.0  274.293
  481.0  274.628
  482.0  274.963
  483.0  275.298
  484.0  275.633
  485.0  275.968
  486.0  276.303
  487.0  276.638
  488.0  276.972
  489.0  277.307
  490.0  277.641
  491.0  277.975
  492.0  278.309
  493.0  278.643
  494.0  278.977
  495.0  279.311
  496.0  279.644
  497.0  279.978
  498.0  280.311
  499.0  280.644
  500.0  280.978
  501.0  281.311
  502.0  281.643
  503.0  281.976
  504.0  282.309
  505.0  282.641
  506.0  282.974
  507.0  283.306
  508.0  283.638
  509.0  283.971
  510.0  284.303
  511.0  284.634
  512.0  284.966
  513.0  285.298
  514.0  285.629
  515.0  285.961
  516.0  286.292
  517.0  286.623
  518.0  286.954
  519.0  287.285
  520.0  287.616
  521.0  287.947
  522.0  288.277
  523.0  288.608
  524.0  288.938
  525.0  289.268
  526.0  289.599
  527.0  289.929
  528.0  290.258
  529.0  290.588
  530.0  290.918
  531.0  291.247
  532.0  291.577
  533.0  291.906
  534.0  292.235
  535.0  292.565
  536.0  292.894
  537.0  293.222
  538.0  293.551
  539.0  293.880
  540.0  294.208
  541.0  294.537
  542.0  294.865
  543.0  295.193
  544.0  295.521
  545.0  295.849
  546.0  296.177
  547.0  296.505
  548.0  296.832
  549.0  297.160
  550.0  297.487
  551.0  297.814
  552.0  298.142
  553.0  298.469
  554.0  298.795
  555.0  299.122
  556.0  299.449
  557.0  299.775
  558.0  300.102
  559.0  300.428
  560.0  300.754
  561.0  301.080
  562.0  301.406
  563.0  301.732
  564.0  302.058
  565.0  302.384
  566.0  302.709
  567.0  303.035
  568.0  303.360
  569.0  303.685
  570.0  304.010
  571.0  304.335
  572.0  304.660
  573.0  304.985
  574.0  305.309
  575.0  305.634
  576.0  305.958
  577.0  306.282
  578.0  306.606
  579.0  306.930
  580.0  307.254
  581.0  307.578
  582.0  307.902
  583.0  308.225
  584.0  308.549
  585.0  308.872
  586.0  309.195
  587.0  309.518
  588.0  309.841
  589.0  310.164
  590.0  310.487
  591.0  310.810
  592.0  311.132
  593.0  311.454
  594.0  311.777
  595.0  312.099
  596.0  312.421
  597.0  312.743
  598.0  313.065
  599.0  313.386
  600.0  313.708
  601.0  314.029
  602.0  314.351
  603.0  314.672
  604.0  314.993
  605.0  315.314
  606.0  315.635
  607.0  315.956
  608.0  316.277
  609.0  316.597
  610.0  316.918
  611.0  317.238
  612.0  317.558
  613.0  317.878
  614.0  318.198
  615.0  318.518
  616.0  318.838
  617.0  319.157
  618.0  319.477
  619.0  319.796
  620.0  320.115
  621.0  320.435
  622.0  320.754
  623.0  321.073
  624.0  321.391
  625.0  321.710
  626.0  322.029
  627.0  322.347
  628.0  322.666
  629.0  322.984
  630.0  323.302
  631.0  323.620
  632.0  323.938
  633.0  324.256
  634.0  324.573
  635.0  324.891
  636.0  325.208
  637.0  325.526
  638.0  325.843
  639.0  326.160
  640.0  326.477
  641.0  326.794
  642.0  327.110
  643.0  327.427
  644.0  327.744
  645.0  328.060
  646.0  328.376
  647.0  328.692
  648.0  329.008
  649.0  329.324
  650.0  329.640
  651.0  329.956
  652.0  330.271
  653.0  330.587
  654.0  330.902
  655.0  331.217
  656.0  331.533
  657.0  331.848
  658.0  332.162
  659.0  332.477
  660.0  332.792
  661.0  333.106
  662.0  333.421
  663.0  333.735
  664.0  334.049
  665.0  334.363
  666.0  334.677
  667.0  334.991
  668.0  335.305
  669.0  335.619
  670.0  335.932
  671.0  336.246
  672.0  336.559
  673.0  336.872
  674.0  337.185
  675.0  337.498
  676.0  337.811
  677.0  338.123
  678.0  338.436
  679.0  338.748
  680.0  339.061
  681.0  339.373
  682.0  339.685
  683.0  339.997
  684.0  340.309
  685.0  340.621
  686.0  340.932
  687.0  341.244
  688.0  341.555
  689.0  341.867
  690.0  342.178
  691.0  342.489
  692.0  342.800
  693.0  343.111
  694.0  343.422
  695.0  343.732
  696.0  344.043
  697.0  344.353
  698.0  344.663
  699.0  344.973
  700.0  345.284
  701.0  345.593
  702.0  345.903
  703.0  346.213
  704.0  346.522
  705.0  346.832
  706.0  347.141
  707.0  347.451
  708.0  347.760
  709.0  348.069
  710.0  348.378
  711.0  348.686
  712.0  348.995
  713.0  349.303
  714.0  349.612
  715.0  349.920
  716.0  350.228
  717.0  350.536
  718.0  350.844
  719.0  351.152
  720.0  351.460
  721.0  351.768
  722.0  352.075
  723.0  352.382
  724.0  352.690
  725.0  352.997
  726.0  353.304
  727.0  353.611
  728.0  353.918
  729.0  354.224
  730.0  354.531
  731.0  354.837
  732.0  355.144
  733.0  355.450
  734.0  355.756
  735.0  356.062
  736.0  356.368
  737.0  356.674
  738.0  356.979
  739.0  357.285
  740.0  357.590
  741.0  357.896
  742.0  358.201
  743.0  358.506
  744.0  358.811
  745.0  359.116
  746.0  359.420
  747.0  359.725
  748.0  360.029
  749.0  360.334
  750.0  360.638
  751.0  360.942
  752.0  361.246
  753.0  361.550
  754.0  361.854
  755.0  362.158
  756.0  362.461
  757.0  362.765
  758.0  363.068
  759.0  363.371
  760.0  363.674
  761.0  363.977
  762.0  364.280
  763.0  364.583
  764.0  364.886
  765.0  365.188
  766.0  365.491
  767.0  365.793
  768.0  366.095
  769.0  366.397
  770.0  366.699
  771.0  367.001
  772.0  367.303
  773.0  367.604
  774.0  367.906
  775.0  368.207
  776.0  368.508
  777.0  368.810
  778.0  369.111
  779.0  369.412
  780.0  369.712
  781.0  370.013
  782.0  370.314
  783.0  370.614
  784.0  370.914
  785.0  371.215
  786.0  371.515
  787.0  371.815
  788.0  372.115
  789.0  372.414
  790.0  372.714
  791.0  373.013
  792.0  373.313
  793.0  373.612
  794.0  373.911
  795.0  374.210
  796.0  374.509
  797.0  374.808
  798.0  375.107
  799.0  375.406
  800.0  375.704
  801.0  376.002
  802.0  376.301
  803.0  376.599
  804.0  376.897
  805.0  377.195
  806.0  377.493
  807.0  377.790
  808.0  378.088
  809.0  378.385
  810.0  378.683
  811.0  378.980
  812.0  379.277
  813.0  379.574
  814.0  379.871
  815.0  380.167
  816.0  380.464
  817.0  380.761
  818.0  381.057
  819.0  381.353
  820.0  381.649
  821.0  381.94
