      Serial#       a0            a1           a2    Pullup (MOhm)	Cell#T
      101.000  0.000336535  0.000207964 6.17223e-008
      103.000  0.000388907  0.000206905 6.18894e-008
      105.000  0.000291229  0.000213772 5.03800e-008
      106.000  0.000352773  0.000209560 6.04612e-008
      108.000  0.000372446  0.000207416 6.29271e-008
      110.000  0.000329050  0.000212097 5.79256e-008
      111.000  0.000332329  0.000210838 6.17524e-008
      112.000  0.000340188  0.000211652 5.80347e-008
      113.000  0.000349592  0.000209338 5.89593e-008
      114.000  0.000351019  0.000209986 6.14197e-008
      115.000  0.000392114  0.000204514 7.57084e-008	1.0002	0
      116.000  0.000346888  0.000210804 5.96783e-008
      120.000  0.000349979  0.000208646 6.29344e-008	1.0004	7
      121.000  0.000337901  0.000210837 6.19850e-008	1.0003	8
      122.000  0.000338711  0.000210194 6.20473e-008	1.0011	3
      123.000  0.000342935  0.000208927 6.22916e-008	1.0008	4
      124.000  0.000363223  0.000207926 6.36308e-008	1.0006	6
      125.000  0.000347008  0.000209566 6.14020e-008	1.0003	5
      126.000  0.000351767  0.000209929 6.24460e-008
      127.000  0.000349868  0.000210364 6.25388e-008	1.0006	1
      129.000  0.000330710  0.000210110 6.02388e-008	1.0000	9
      130.000  0.000335786  0.000210653 5.77111e-008	1.0007	2

