-80 7371000 3558000
-79 6741000 3296000
-78 6172000 3055000
-77 5653000 2833000
-76 5182000 2629000
-75 4756000 2440000
-74 4364000 2266000
-73 4008000 2106000
-72 3684000 1957000
-71 3389000 1821000
-70 3119000 1694000
-69 2872000 1577000
-68 2646000 1469000
-67 2440000 1369000
-66 2251000 1276000
-65 2078000 1190000
-64 1919000 1111000
-63 1774000 1037000
-62 1640000 968400
-61 1518000 904900
-60 1405000 845900
-59 1302000 791100
-58 1206000 740200
-57 1119000 692800
-56 1038000 648800
-55 964000 607800
-54 895600 569600
-53 832100 534100
-52 774000 501000
-51 720200 470100
-50 670500 441300
-49 624300 414500
-48 581700 389400
-47 542200 366000
-46 505800 344100
-45 472000 323700
-44 440800 304600
-43 411700 286700
-42 384800 270000
-41 359800 254400
-40 336500 239800
-39 315000 226000
-38 294900 213200
-37 276200 201100
-36 258900 189800
-35 242700 179200
-34 227700 169300
-33 213600 160000
-32 200600 151200
-31 188400 143000
-30 177000 135200
-29 166400 127900
-28 156500 121100
-27 147200 114600
-26 138500 108600
-25 130500 102900
-24 122900 97490
-23 115800 92430
-22 109100 87660
-21 102900 83160
-20 97110 78910
-19 91650 74910
-18 86500 71130
-17 81710 67570
-16 77220 64200
-15 72960 61020
-14 69010 58010
-13 65280 55170
-12 61770 52480
-11 58440 49940
-10 55330 47540
-9 52440 45270
-8 49690 43110
-7 47070 41070
-6 44630 39140
-5 42340 37310
-4 40170 35570
-3 38130 33930
-2 36190 32370
-1 34370 30890
0 32660 29490
1 31030 28150
2 29500 26890
3 28060 25690
4 26690 24550
5 25400 23460
6 24170 22430
7 23020 21450
8 21920 20520
9 20880 19630
10 19900 18790
11 18970 17980
12 18090 17220
13 17260 16490
14 16470 15790
15 15710 15130
16 15000 14500
17 14330 13900
18 13680 13330
19 13070 12790
20 12500 12260
21 11940 11770
22 11420 11290
23 10920 10840
24 10450 10410
25 10000 10000
26 9574 9605
27 9165 9227
28 8779 8867
29 8410 8523
30 8060 8194
31 7722 7880
32 7402 7579
33 7100 7291
34 6807 7016
35 6532 6752
36 6270 6500
37 6017 6258
38 5777 6026
39 5546 5805
40 5329 5592
41 5116 5389
42 4916 5193
43 4725 5006
44 4543 4827
45 4369 4655
46 4202 4489
47 4042 4331
48 3889 4179
49 3743 4033
50 3603 3893
51 3469 3758
52 3340 3629
53 3217 3504
54 3099 3385
55 2986 3270
56 2878 3160
57 2774 3054
58 2675 2952
59 2580 2854
60 2488 2760
61 2400 2669
62 2316 2582
63 2235 2497
64 2157 2417
65 2083 2339
66 2011 2264
67 1942 2191
68 1876 2122
69 1813 2055
70 1752 1990
71 1693 1928
72 1636 1868
73 1582 1810
74 1530 1754
75 1479 1700
76 1431 1648
77 1385 1598
78 1340 1549
79 1297 1503
80 1255 1458
81 1215 1414
82 1177 1372
83 1140 1332
84 1104 1293
85 1070 1255
86 1036 1218
87 1004 1183
88 973.8 1149
89 944.1 1116
90 915.2 1084
91 887.7 1053
92 861.0 1023
93 835.3 994.2
94 810.4 966.3
95 786.4 939.3
96 763.3 913.2
97 741.1 887.9
98 719.4 863.4
99 698.5 839.7
100 678.5 816.8
101 659.0 794.6
102 640.3 773.1
103 622.1 752.3
104 604.4 732.1
105 587.5 712.6
106 571.0 693.6
107 555.1 675.3
108 540.0 657.5
109 524.9 640.3
110 510.7 623.5
111 496.4 607.3
112 483.1 591.6
113 469.8 576.4
114 457.4 561.6
115 444.9 547.3
116 433.4 533.4
117 421.8 519.9
118 410.7 506.8
119 399.6 494.1
120 389.4 481.8
121 379.2 469.8
122 369.4 458.2
123 360.1 446.9
124 350.8 435.9
125 341.9 425.3
126 333.0 414.9
127 324.6 404.9
128 316.6 395.1
129 308.6 385.6
130 301.1 376.4
131 293.5 367.4
132 286.0 358.7
133 279.3 350.3
134 272.2 342.0
135 265.5 334.0
136 259.3 326.3
137 253.1 318.7
138 246.9 311.3
139 241.1 304.2
140 235.3 297.2
141 229.6 290.4
142 224.2 283.8
143 218.9 277.4
144 214.0 271.2
145 208.7 265.1
146 203.8 259.2
147 199.4 253.4
148 194.5 247.8
149 190.1 242.3
150 185.9 237.0
151 181.7 231.7
152 177.5 226.6
153 173.5 221.7
154 169.6 216.9
155 165.7 212.2
156 162.1 207.6
157 158.5 203.2
158 155.0 198.8
159 151.6 194.6
160 148.3 190.5
161 145.1 186.5
162 141.9 182.6
163 138.4 178.7
164 135.8 175.0
165 132.8 171.4
166 130.1 167.8
167 127.3 164.4
168 124.6 161.0
169 122.0 157.7
170 119.4 154.5
171 116.9 151.4
172 114.5 148.3
173 112.1 145.3
174 109.8 142.4
175 107.5 139.6
176 105.3 136.8
177 103.2 134.1
178 101.1 131.5
179 99.0 128.9
180 97.1 126.3
181 95.1 123.9
182 93.2 121.5
183 91.3 119.1
184 89.5 116.8
185 87.8 114.6
186 86.0 112.4
187 84.3 110.2
188 82.7 108.1
189 81.1 106.1
190 79.5 104.1
191 78.0 102.2
192 76.5 100.2
193 75.1 98.4
194 73.7 96.6
195 72.3 94.8
196 70.9 93.0
197 69.6 91.3
198 68.3 89.7
199 67.1 88.0
200 65.9 86.5
201 64.7 84.9
202 63.5 83.3
203 62.3 81.9
204 61.2 80.4
205 60.1 79.0
206 59.0 77.6
207 58.0 76.2
208 57.0 74.9
209 56.0 73.6
210 55.0 72.3
211 54.0 71.0
212 53.1 69.8
213 52.1 68.6
214 51.2 67.4
215 50.3 66.2
216 49.5 65.1
217 48.6 64.0
218 47.8 62.9
219 47.0 61.8
220 46.2 60.8
221 45.4 59.8
222 44.7 58.8
223 43.9 57.8
224 43.2 56.8
225 42.5 55.9
226 41.8 55.0
227 41.1 54.1
228 40.4 53.2
229 39.7 52.3
230 39.1 51.5
231 38.5 50.6
232 37.8 49.9
233 37.2 49.0
234 36.6 48.2
235 36.0 47.4
236 35.5 46.7
237 34.9 46.0
238 34.4 45.2
239 33.8 44.5
240 33.3 43.8
241 32.8 43.1
242 32.2 42.4
243 31.7 41.8
244 31.3 41.1
245 30.8 40.5
246 30.3 39.9
247 29.8 39.3
248 29.4 38.7
249 28.9 38.1
250 28.5 37.5
